0
0
1
0
40
1
0
80
1
0
120
1
0
160
1
40
0
1
40
40
1
40
80
1
40
120
-1
40
160
-1
80
0
1
80
40
-1
80
80
-1
80
120
-1
80
160
-1
120
0
1
120
40
1
120
80
1
120
120
1
120
160
1
160
0
1
160
40
1
160
80
1
160
120
1
160
160
1
200
0
1
200
40
1
200
80
1
200
120
1
200
160
1
240
0
1
240
40
1
240
80
1
240
120
-1
240
160
-1
280
0
1
280
40
1
280
80
1
280
120
1
280
160
-1
320
0
1
320
40
1
320
80
1
320
120
1
320
160
-1
360
0
1
360
40
1
360
80
1
360
120
1
360
160
1
400
0
1
400
40
1
400
80
1
400
120
1
400
160
1
440
0
1
440
40
1
440
80
1
440
120
1
440
160
-1
480
0
1
480
40
1
480
80
1
480
120
-1
480
160
-1
520
0
1
520
40
1
520
80
1
520
120
1
520
160
-1
560
0
1
560
40
1
560
80
1
560
120
1
560
160
1
600
0
1
600
40
1
600
80
1
600
120
1
600
160
-1
640
0
1
640
40
1
640
80
1
640
120
-1
640
160
-1
680
0
1
680
40
1
680
80
1
680
120
1
680
160
-1
720
0
1
720
40
-1
720
80
1
720
120
1
720
160
-1
760
0
1
760
40
-1
760
80
-1
760
120
-1
760
160
-1
